84
      0.0000      25.0000      12.5000
     25.0000      50.0000      37.5000
     50.0000      75.0000      62.5000
     75.0000     100.0000      87.5000
    100.0000     125.0000     112.5000
    125.0000     150.0000     137.5000
    150.0000     175.0000     162.5000
    175.0000     225.0000     200.0000
    225.0000     275.0000     250.0000
    275.0000     325.0000     300.0000
    325.0000     375.0000     350.0000
    375.0000     425.0000     400.0000
    425.0000     475.0000     450.0000
    475.0000     525.0000     500.0000
    525.0000     575.0000     550.0000
    575.0000     625.0000     600.0000
    625.0000     675.0000     650.0000
    675.0000     725.0000     700.0000
    725.0000     775.0000     750.0000
    775.0000     825.0000     800.0000
    825.0000     875.0000     850.0000
    875.0000     925.0000     900.0000
    925.0000     975.0000     950.0000
    975.0000    1025.0000    1000.0000
   1025.0000    1075.0000    1050.0000
   1075.0000    1125.0000    1100.0000
   1125.0000    1175.0000    1150.0000
   1175.0000    1225.0000    1200.0000
   1225.0000    1275.0000    1250.0000
   1275.0000    1325.0000    1300.0000
   1325.0000    1375.0000    1350.0000
   1375.0000    1425.0000    1400.0000
   1425.0000    1475.0000    1450.0000
   1475.0000    1525.0000    1500.0000
   1525.0000    1575.0000    1550.0000
   1575.0000    1625.0000    1600.0000
   1625.0000    1675.0000    1650.0000
   1675.0000    1725.0000    1700.0000
   1725.0000    1775.0000    1750.0000
   1775.0000    1825.0000    1800.0000
   1825.0000    1875.0000    1850.0000
   1875.0000    1925.0000    1900.0000
   1925.0000    1975.0000    1950.0000
   1975.0000    2025.0000    2000.0000
   2025.0000    2075.0000    2050.0000
   2075.0000    2125.0000    2100.0000
   2125.0000    2175.0000    2150.0000
   2175.0000    2225.0000    2200.0000
   2225.0000    2275.0000    2250.0000
   2275.0000    2325.0000    2300.0000
   2325.0000    2375.0000    2350.0000
   2375.0000    2425.0000    2400.0000
   2425.0000    2475.0000    2450.0000
   2475.0000    2525.0000    2500.0000
   2525.0000    2575.0000    2550.0000
   2575.0000    2625.0000    2600.0000
   2625.0000    2675.0000    2650.0000
   2675.0000    2725.0000    2700.0000
   2725.0000    2775.0000    2750.0000
   2775.0000    2825.0000    2800.0000
   2825.0000    2875.0000    2850.0000
   2875.0000    2925.0000    2900.0000
   2925.0000    2975.0000    2950.0000
   2975.0000    3025.0000    3000.0000
   3025.0000    3075.0000    3050.0000
   3075.0000    3125.0000    3100.0000
   3125.0000    3175.0000    3150.0000
   3175.0000    3225.0000    3200.0000
   3225.0000    3275.0000    3250.0000
   3275.0000    3325.0000    3300.0000
   3325.0000    3375.0000    3350.0000
   3375.0000    3425.0000    3400.0000
   3425.0000    3475.0000    3450.0000
   3475.0000    3525.0000    3500.0000
   3525.0000    3575.0000    3550.0000
   3575.0000    3625.0000    3600.0000
   3625.0000    3675.0000    3650.0000
   3675.0000    3725.0000    3700.0000
   3725.0000    3775.0000    3750.0000
   3775.0000    3825.0000    3800.0000
   3825.0000    3875.0000    3850.0000
   3875.0000    3925.0000    3900.0000
   3925.0000    3975.0000    3950.0000
