26
8.000000e+01 2.300000e+02 1.550000e+02
2.310000e+02 3.800000e+02 3.055000e+02
3.810000e+02 5.300000e+02 4.555000e+02
5.310000e+02 6.800000e+02 6.055000e+02
6.810000e+02 8.300000e+02 7.555000e+02
8.310000e+02 9.800000e+02 9.055000e+02
9.810000e+02 1.130000e+03 1.055500e+03
1.131000e+03 1.280000e+03 1.205500e+03
1.281000e+03 1.430000e+03 1.355500e+03
1.431000e+03 1.580000e+03 1.505500e+03
1.581000e+03 1.730000e+03 1.655500e+03
1.731000e+03 1.880000e+03 1.805500e+03
1.881000e+03 2.030000e+03 1.955500e+03
2.031000e+03 2.180000e+03 2.105500e+03
2.181000e+03 2.330000e+03 2.255500e+03
2.331000e+03 2.480000e+03 2.405500e+03
2.481000e+03 2.630000e+03 2.555500e+03
2.631000e+03 2.780000e+03 2.705500e+03
2.781000e+03 2.930000e+03 2.855500e+03
2.931000e+03 3.080000e+03 3.005500e+03
3.081000e+03 3.230000e+03 3.155500e+03
3.231000e+03 3.380000e+03 3.305500e+03
3.381000e+03 3.530000e+03 3.455500e+03
3.531000e+03 3.680000e+03 3.605500e+03
3.681000e+03 3.830000e+03 3.755500e+03
3.831000e+03 3.980000e+03 3.905500e+03
3.981000e+03 4.130000e+03 4.055500e+03
