92
0.000000e+00 1.000000e+02 5.000000e+01
1.010000e+02 2.000000e+02 1.505000e+02
2.010000e+02 3.000000e+02 2.505000e+02
3.010000e+02 4.000000e+02 3.505000e+02
4.010000e+02 5.000000e+02 4.505000e+02
5.010000e+02 6.000000e+02 5.505000e+02
6.010000e+02 7.000000e+02 6.505000e+02
7.010000e+02 8.000000e+02 7.505000e+02
8.010000e+02 9.000000e+02 8.505000e+02
9.010000e+02 1.000000e+03 9.505000e+02
1.001000e+03 1.100000e+03 1.050500e+03
1.101000e+03 1.200000e+03 1.150500e+03
1.201000e+03 1.300000e+03 1.250500e+03
1.301000e+03 1.400000e+03 1.350500e+03
1.401000e+03 1.500000e+03 1.450500e+03
1.501000e+03 1.600000e+03 1.550500e+03
1.601000e+03 1.700000e+03 1.650500e+03
1.701000e+03 1.800000e+03 1.750500e+03
1.801000e+03 1.900000e+03 1.850500e+03
1.901000e+03 2.000000e+03 1.950500e+03
2.001000e+03 2.100000e+03 2.050500e+03
2.101000e+03 2.200000e+03 2.150500e+03
2.201000e+03 2.300000e+03 2.250500e+03
2.301000e+03 2.400000e+03 2.350500e+03
2.401000e+03 2.500000e+03 2.450500e+03
2.501000e+03 2.600000e+03 2.550500e+03
2.601000e+03 2.700000e+03 2.650500e+03
2.701000e+03 2.800000e+03 2.750500e+03
2.801000e+03 2.900000e+03 2.850500e+03
2.901000e+03 3.000000e+03 2.950500e+03
3.001000e+03 3.100000e+03 3.050500e+03
3.101000e+03 3.200000e+03 3.150500e+03
3.201000e+03 3.300000e+03 3.250500e+03
3.301000e+03 3.400000e+03 3.350500e+03
3.401000e+03 3.500000e+03 3.450500e+03
3.501000e+03 3.600000e+03 3.550500e+03
3.601000e+03 3.700000e+03 3.650500e+03
3.701000e+03 3.800000e+03 3.750500e+03
3.801000e+03 3.900000e+03 3.850500e+03
3.901000e+03 4.000000e+03 3.950500e+03
4.001000e+03 4.100000e+03 4.050500e+03
4.101000e+03 4.600000e+03 4.350500e+03
4.601000e+03 5.100000e+03 4.850500e+03
5.101000e+03 5.600000e+03 5.350500e+03
5.601000e+03 6.100000e+03 5.850500e+03
6.101000e+03 6.600000e+03 6.350500e+03
6.601000e+03 7.100000e+03 6.850500e+03
7.101000e+03 7.600000e+03 7.350500e+03
7.601000e+03 8.100000e+03 7.850500e+03
8.101000e+03 8.600000e+03 8.350500e+03
8.601000e+03 9.100000e+03 8.850500e+03
9.101000e+03 9.600000e+03 9.350500e+03
9.601000e+03 1.010000e+04 9.850500e+03
1.010100e+04 1.060000e+04 1.035050e+04
1.060100e+04 1.110000e+04 1.085050e+04
1.110100e+04 1.160000e+04 1.135050e+04
1.160100e+04 1.210000e+04 1.185050e+04
1.210100e+04 1.260000e+04 1.235050e+04
1.260100e+04 1.310000e+04 1.285050e+04
1.310100e+04 1.360000e+04 1.335050e+04
1.360100e+04 1.410000e+04 1.385050e+04
1.410100e+04 1.460000e+04 1.435050e+04
1.460100e+04 1.510000e+04 1.485050e+04
1.510100e+04 1.560000e+04 1.535050e+04
1.560100e+04 1.610000e+04 1.585050e+04
1.610100e+04 1.660000e+04 1.635050e+04
1.660100e+04 1.710000e+04 1.685050e+04
1.710100e+04 1.760000e+04 1.735050e+04
1.760100e+04 1.810000e+04 1.785050e+04
1.810100e+04 1.860000e+04 1.835050e+04
1.860100e+04 1.910000e+04 1.885050e+04
1.910100e+04 1.960000e+04 1.935050e+04
1.960100e+04 2.010000e+04 1.985050e+04
2.010100e+04 2.060000e+04 2.035050e+04
2.060100e+04 2.110000e+04 2.085050e+04
2.110100e+04 2.160000e+04 2.135050e+04
2.160100e+04 2.210000e+04 2.185050e+04
2.210100e+04 2.260000e+04 2.235050e+04
2.260100e+04 2.310000e+04 2.285050e+04
2.310100e+04 2.360000e+04 2.335050e+04
2.360100e+04 2.410000e+04 2.385050e+04
2.410100e+04 2.460000e+04 2.435050e+04
2.460100e+04 2.510000e+04 2.485050e+04
2.510100e+04 2.560000e+04 2.535050e+04
2.560100e+04 2.610000e+04 2.585050e+04
2.610100e+04 2.660000e+04 2.635050e+04
2.660100e+04 2.710000e+04 2.685050e+04
2.710100e+04 2.760000e+04 2.735050e+04
2.760100e+04 2.810000e+04 2.785050e+04
2.810100e+04 2.860000e+04 2.835050e+04
2.860100e+04 2.910000e+04 2.885050e+04
2.910100e+04 2.960000e+04 2.935050e+04
